#--------------------------------------------------                                                                                                                            
#   Aglomerado Aberto da Galáxia NGC188
#
#  J    (J-H) Memb(%)
#--------------------------------------------------
14.108  0.389   0.0
15.170  0.437  97.0
16.662  0.592   0.0
13.654  0.414  85.0
15.796  0.381  95.0
15.252  0.337   0.0
13.197  0.488  80.0
13.670  0.377  44.0
14.442  0.606  76.0
14.940  0.313  95.0
15.868  0.695  91.0
 9.966  0.568  82.0
15.341  0.632  73.0
13.060  0.199  82.0
13.584  0.419  42.0
15.726  0.413  98.0
12.477  0.162  84.0
15.784  0.674  84.0
14.306  0.465   0.0
13.931  0.275  60.0
16.514  0.644  85.0
14.265  0.289  88.0
15.322  0.306  97.0
15.230  0.236  93.0
14.974  0.372  97.0
16.031  0.611  89.0
14.812  0.436  98.0
15.894  0.481  97.0
13.495  0.334  96.0
15.602  0.604  96.0
14.845  0.427   0.0
15.652  0.464  93.0
14.453  0.336  90.0
15.214  0.311  93.0
14.260  0.300  98.0
13.927  0.323  93.0
16.678  1.395  62.0
16.157  0.671  97.0
15.162  0.490  97.0
12.851  0.501  95.0
16.256  0.417   0.0
14.897  0.412  96.0
14.959  0.660   0.0
13.819  0.311  92.0
15.621  0.651  95.0
14.756  0.292  98.0
12.878  0.600   0.0
14.209  0.298   0.0
12.538  0.454  94.0
16.344  0.579  77.0
15.811  0.266  87.0
14.998  0.432  64.0
16.015  0.618  56.0
16.419  0.578  91.0
13.865  0.312  89.0
16.603  0.993  85.0
16.035  0.450  26.0
14.524  0.312  71.0
15.284  0.391  94.0
14.348  0.329  82.0
15.846  0.588  92.0
13.951  0.359  77.0
14.815  0.445   0.0
15.333  0.468  98.0
15.373  0.551  82.0
13.702  0.296  95.0
14.279  0.346  95.0
13.706  0.375  67.0
16.188  0.610  94.0
15.899  0.337  97.0
15.481  0.360  97.0
14.465  0.429  94.0
15.501  0.558  96.0
12.663  0.468  61.0
15.291  0.423  91.0
15.082  0.475  93.0
15.193  0.327   0.0
14.825  0.341  95.0
14.233  0.394  92.0
16.045  0.508  97.0
13.662  0.365  93.0
15.906  0.623  90.0
16.641  0.613  85.0
13.099 -0.420   0.0
14.580  0.372  98.0
13.295  0.123  53.0
15.603  0.477  91.0
15.375  0.187  98.0
13.589  0.366  95.0
16.509  1.015  88.0
15.091  0.307   0.0
14.605  0.328  82.0
15.302  0.373  97.0
13.355  0.321  94.0
15.462  0.538  98.0
14.640  0.330  82.0
13.812  0.362  93.0
15.300  0.437  91.0
13.430  0.435  95.0
14.580  0.388  97.0
15.612  0.430  97.0
13.200  0.770  42.0
13.349  0.192  86.0
14.999  0.380  98.0
15.018  0.288  96.0
16.673  0.677  76.0
14.283  0.352   0.0
13.630  0.366  95.0
13.350  0.301  50.0
15.241  0.350  88.0
15.077  0.405  98.0
15.474  0.543  79.0
12.558  0.488  83.0
16.501  0.972  86.0
13.280  0.205   0.0
16.449  0.544  95.0
14.598  0.259  77.0
15.293  0.425   9.0
15.204  0.422  93.0
14.784  0.335  96.0
13.986  0.291  94.0
13.740  0.270  91.0
14.301  0.244  93.0
14.652  0.243   0.0
14.195  0.280  98.0
16.148  0.464  87.0
16.767  0.947  86.0
16.720  1.689  49.0
15.353  0.581  97.0
13.361  0.335  85.0
16.739  0.141  63.0
15.865  0.562  96.0
15.498  0.503  98.0
13.968  0.363  48.0
15.083  0.340  98.0
13.913  0.337  93.0
13.268  0.488   0.0
12.005  0.537  94.0
14.302  0.267  94.0
14.613  0.470   0.0
13.965  0.295  96.0
14.856  0.297  98.0
15.770  0.467  97.0
14.891  0.352  79.0
14.123  0.408  26.0
16.596  0.465  58.0
15.300  0.382   0.0
16.371  0.671  88.0
15.227  0.088   0.0
13.333  0.469  94.0
14.707  0.393  91.0
14.080  0.401  95.0
14.437  0.369  97.0
13.983  0.241  95.0
13.684  0.324  94.0
13.384  0.450  87.0
16.586  0.731  89.0
15.243  0.464  93.0
10.349  0.560  85.0
14.867  0.208  96.0
15.959  0.432  97.0
16.344  0.840  56.0
14.899  0.411  95.0
13.681  0.238  90.0
14.239  0.480  81.0
14.683  0.397   0.0
15.224  0.617  95.0
14.896  0.389  96.0
15.646  0.331   0.0
15.989  0.388  91.0
15.870  0.842  90.0
15.773  0.532   0.0
15.432  0.552  98.0
11.479  0.611   0.0
14.432  0.298  98.0
11.690  0.487  86.0
14.603  0.683   0.0
15.858  0.562  87.0
15.840  0.629  94.0
16.501 -0.924   0.0
15.040  0.322  97.0
13.625  0.352  96.0
16.171  0.777  97.0
13.622  0.326  96.0
15.487  0.479  95.0
14.571  0.319  12.0
15.634  0.427  94.0
14.232  0.185  90.0
14.533  0.408   0.0
14.762  0.188  56.0
16.001  0.528  73.0
16.153  0.788  95.0
14.499  0.400  89.0
14.130  0.476  52.0
13.673  0.387  94.0
14.014  0.245  95.0
16.526  1.206   0.0
15.547  0.506   0.0
14.900  0.451   0.0
16.120  0.690  76.0
15.679  0.556  94.0
16.069  1.886   7.0
14.529  0.322  98.0
14.915  0.228  98.0
16.363  0.401   0.0
16.394  0.542  81.0
13.857  0.196  90.0
15.393  0.411  98.0
13.874  0.320  96.0
16.353  0.721  97.0
13.701  0.314  96.0
16.742  0.470   0.0
14.693  0.613   0.0
16.242  0.403  90.0
14.030  0.273  82.0
13.971  0.280  98.0
15.656  0.538  84.0
14.701  0.382   0.0
13.910  0.315  88.0
14.793  0.355  96.0
15.291  0.527   2.0
13.002  0.266   0.0
13.814  0.250  91.0
14.625  0.256  97.0
13.528  0.330  96.0
16.405  0.694  89.0
16.189  0.584  94.0
10.765  0.209   0.0
15.579  0.524  96.0
16.873  1.005  49.0
15.680  0.492  96.0
16.198  0.528   0.0
15.409  0.379  97.0
15.075  0.375  98.0
15.931  0.322   0.0
14.865  0.425  98.0
12.283  0.497  97.0
15.877  0.562   0.0
16.124  0.620   0.0
14.748  0.381  97.0
15.897  0.644  90.0
16.630  0.856  26.0
13.280  0.689   0.0
11.709  0.560  54.0
14.579  0.310  97.0
13.757  0.198  77.0
16.561  0.945   0.0
11.149  0.328   0.0
16.661  1.019  64.0
15.256  0.216  95.0
15.180  0.550  93.0
15.399  0.382   0.0
13.195  0.296  48.0
16.063  0.758  98.0
14.032  0.299  45.0
13.266  0.355  94.0
15.499  0.469  95.0
15.223  0.207  96.0
14.909  0.474  99.0
15.499  0.371  98.0
14.403  0.294  84.0
15.451  0.521   0.0
14.627  0.300  84.0
13.542  0.386  88.0
14.826  0.682   0.0
15.247  0.266  98.0
15.205  0.380   0.0
16.740  0.755  84.0
10.271  0.491   0.0
14.661  0.237  80.0
15.289  0.316  97.0
14.879  0.402  60.0
13.164  0.243  86.0
13.897  0.402   0.0
16.399  0.741  92.0
16.325  0.666  74.0
 9.891  0.688  49.0
15.673  0.487  97.0
15.830  0.319  96.0
13.094  0.529   0.0
14.458  0.405  98.0
12.124  0.247   0.0
12.909  0.224  80.0
15.313  0.294  14.0
15.254  0.717   0.0
14.839  0.438  98.0
15.079  0.253  98.0
14.788  0.276  98.0
16.428  0.344  87.0
16.567  0.767   0.0
15.915  0.438   0.0
16.363  0.575  92.0
14.467  0.359  98.0
16.404  0.503  94.0
16.549  0.309  73.0
14.800  0.438  98.0
13.732  0.375  86.0
15.706  0.421  97.0
15.393  0.807  40.0
14.910 -0.221   0.0
15.346  0.511   0.0
14.847  0.270  98.0
14.798  0.519   0.0
15.208  0.165  98.0
13.668  0.303  87.0
16.049  0.859   0.0
15.733  0.573  90.0
15.378  0.234   0.0
15.726  0.571  95.0
13.747  0.294  97.0
16.193  0.532  48.0
15.645  0.539  97.0
14.015  0.297  88.0
16.640  0.703  80.0
16.688  0.239   0.0
15.147  0.389  98.0
14.224  0.344  91.0
16.796  0.915   0.0
13.590  0.350   0.0
15.946  0.418  95.0
13.796  0.297  72.0
16.079  0.426  95.0
15.341  0.449   0.0
16.614  0.916   0.0
13.570  0.278  91.0
16.042  0.704  87.0
13.907  0.324  88.0
12.708  0.475  96.0
15.360  0.318  93.0
16.272  0.361   0.0
14.927  0.394  97.0
10.208  0.659  85.0
13.660  0.343  94.0
13.744  0.245  69.0
13.675  0.341  96.0
13.486  0.318  86.0
14.465  0.331  70.0
12.041  0.252   4.0
13.428  0.388   0.0
16.333  1.042  79.0
14.965  0.432  98.0
15.949  0.553  90.0
15.333  0.520   0.0
16.181  0.254  98.0
16.061  0.545  98.0
14.742  0.300   0.0
15.839  0.674   1.0
16.338  0.788   0.0
14.678  0.262  85.0
15.147  0.388  84.0
15.994  0.623  84.0
12.234  0.534  97.0
13.541  0.327  91.0
16.202  0.542  93.0
14.707  0.251   0.0
15.740  0.418   0.0
15.313  0.346  97.0
10.920  0.468   0.0
13.977  0.296  94.0
15.990  0.163   0.0
16.038  0.610  90.0
16.712  0.829   0.0
14.384  0.291  98.0
13.570  0.344   1.0
15.339  0.467  98.0
14.860  0.381  98.0
15.531  0.615  96.0
14.146  0.305  85.0
16.054  0.605   0.0
14.368  0.328   0.0
11.370  0.554  84.0
14.360  0.395  83.0
16.220  0.663  88.0
13.813  0.271  96.0
12.746  0.381  48.0
14.648  0.320  98.0
16.724  1.006  28.0
16.382  0.358   0.0
10.098  0.637  86.0
11.439  0.538  22.0
16.047  0.405  96.0
16.254  0.900  92.0
14.509  0.313  82.0
14.180  0.408  87.0
12.167  0.491  85.0
15.381  0.177  94.0
13.545  0.373  88.0
10.908  0.619  80.0
15.141  0.395  94.0
15.129  0.350  98.0
15.775  0.205   0.0
15.089  0.382   0.0
15.808  0.569  97.0
13.526  0.364  90.0
13.737  0.270  94.0
14.970  0.272  98.0
13.991  0.110   0.0
13.016  0.422  91.0
16.341  0.773  97.0
13.866  0.376   0.0
15.232  0.517  96.0
15.718  0.405   0.0
14.635  0.364  98.0
14.957  0.524   0.0
13.890  0.345  45.0
13.691  0.312   0.0
15.170  0.299  97.0
14.331 -0.473   0.0
15.977  0.649  96.0
15.954  0.626  79.0
15.385  0.407  98.0
14.382  0.275  89.0
15.678  0.590  93.0
16.525  0.464   0.0
14.832  0.262   0.0
13.548  0.314  94.0
15.428  0.526  98.0
14.961  0.280  76.0
14.431  0.318   0.0
16.182 -0.669  21.0
15.454 -0.324   8.0
14.936  0.263  98.0
12.202  0.549   0.0
14.096  0.339  90.0
15.212  0.631   0.0
13.821  0.308  95.0
14.596  0.255  89.0
14.855  0.622   0.0
12.410  0.194  83.0
16.091  0.574   0.0
14.406  0.268  89.0
15.586  0.679   0.0
16.568  1.225   0.0
14.741  0.241  98.0
12.408  0.651   0.0
16.294  0.811   0.0
13.722  0.293  94.0
14.698  0.329  90.0
12.881  0.471  36.0
14.435  0.417  87.0
13.783  0.312  91.0
15.305  0.785   0.0
16.515  0.304  93.0
11.347  0.503   0.0
14.137  0.467   0.0
15.049  0.521  97.0
14.520  0.382  83.0
15.173  0.380  96.0
15.178  0.295  98.0
15.680  0.463  96.0
14.510  0.275  84.0
16.263  0.531   0.0
15.390  0.472   0.0
16.396  0.394  42.0
15.805  0.338  98.0
14.070  0.266  88.0
12.180  0.351   0.0
16.595  0.457   0.0
15.488  0.647  97.0
15.458  0.281  83.0
16.874  1.162  81.0
14.834  0.421   0.0
14.570  0.345  80.0
16.134  0.643   0.0
12.085  0.265   0.0
16.501  0.446   0.0
15.394  0.617   0.0
15.829  0.419  88.0
16.901  0.642  21.0
14.275  0.334  85.0
14.042  0.317  98.0
16.008  0.560  98.0
15.493  0.323  94.0
14.309  0.322  91.0
15.050  0.368  97.0
15.827  0.153   0.0
14.784  0.446   0.0
15.390  0.257   0.0
14.833  0.179  87.0
14.872  0.326  97.0
13.356  0.409  66.0
15.918  0.566   0.0
15.579  0.632  91.0
14.550  0.323  86.0
13.109  0.481  85.0
16.243  0.604   0.0
16.712  1.269  92.0
14.067  0.357  91.0
16.320  0.754  89.0
16.791  1.031  84.0
14.140  0.330  97.0
14.043  0.364  98.0
16.345 -0.066  75.0
13.532  0.325  10.0
14.178  0.321  86.0
15.856  0.391  95.0
16.074  0.566  78.0
15.579  0.574  98.0
12.021  0.311  45.0
16.532  0.484  49.0
13.605  0.353  93.0
10.385  0.569  84.0
14.730  0.346  98.0
13.836  0.267  89.0
14.529  0.228  85.0
15.190  0.268  91.0
16.665  0.739  94.0
16.676  0.587   0.0
14.447  0.224  84.0
15.593  0.567  96.0
14.516  0.251  79.0
17.325  1.203  23.0
15.567  0.211   0.0
15.959  0.788  70.0
12.863  0.198  84.0
 8.489  0.642   0.0
13.961  0.334   2.0
16.513  1.777  93.0
15.192  0.600   0.0
14.355  0.414   0.0
13.287  0.225   0.0
16.344  0.586   9.0
15.632  0.148   0.0
14.523  0.331  81.0
16.458  0.576   0.0
16.526  0.580  36.0
16.572  0.938   0.0
14.300  0.323  83.0
15.080  0.416  93.0
15.056  0.306  97.0
14.097  0.267  89.0
16.156  0.067  95.0
16.067  0.616  88.0
13.356  0.530   0.0
14.463  0.348  85.0
13.719  0.428   0.0
15.558  0.467  97.0
14.464  0.278  92.0
14.708  0.269  95.0
15.107  0.460  96.0
14.295  0.371  91.0
14.617  0.327  95.0
13.496  0.291  85.0
16.170  0.932  92.0
15.510  0.345  96.0
11.139  0.257   0.0
13.966  0.353  95.0
11.106  0.342   0.0
15.566  0.471   0.0
16.541  0.551  80.0
15.615  0.132   0.0
15.801  0.657   0.0
16.272  0.776  92.0
14.419  0.350  71.0
15.464  0.788   0.0
16.556  0.653  88.0
12.698  0.519  95.0
13.792  0.315  95.0
15.008  0.383  96.0
16.028  0.367   0.0
16.239  0.304   0.0
12.964  0.551   0.0
15.387  0.265  99.0
15.184  0.340   0.0
14.016  0.240  92.0
14.453  0.265  98.0
16.173  0.724   0.0
16.272  0.377  41.0
16.603  0.648  93.0
15.811  0.529  59.0
16.540  0.714  82.0
16.008  0.773   0.0
14.154  0.365   0.0
16.698 -0.182   3.0
13.136  0.496  96.0
13.960  0.274  89.0
15.164  0.821   0.0
15.896  0.447   0.0
14.915  0.280  97.0
15.177  0.370   0.0
15.727  0.476  91.0
15.472  0.458   0.0
15.156  0.272  98.0
16.757  1.086  34.0
12.455  0.613  30.0
13.769  0.301  96.0
14.363  0.191   0.0
14.850  0.337  98.0
14.875  0.259  98.0
13.898  0.609   0.0
14.276  0.243   0.0
14.043  0.313   0.0
16.133  0.804  93.0
16.680  0.901  86.0
16.347  0.802  92.0
16.057  0.330  94.0
15.527  0.214  62.0
16.113  0.568  91.0
15.735  0.388   0.0
13.533  0.379  97.0
16.405  0.443   0.0
14.635  0.406  81.0
16.294  0.087   0.0
16.541  0.483   0.0
14.687  0.247  90.0
14.128  0.356  85.0
16.123  0.286   0.0
13.730  0.154  84.0
16.214  0.436  87.0
13.405  0.400   0.0
16.532  0.858   0.0
16.290  0.904  96.0
16.639  0.670  76.0
16.351  0.804  78.0
14.001  0.299  93.0
16.328  0.258   0.0
14.928  0.304  98.0
13.285  0.598   0.0
15.805  0.566   1.0
15.088  0.345   0.0
15.175  0.285  98.0
15.053  0.553  95.0
14.165  0.401  88.0
16.484  0.826  75.0
14.153  0.006   0.0
14.482  0.632   0.0
13.714  0.327   0.0
13.583  0.263  93.0
16.593  0.460   0.0
16.372  0.293   0.0
16.486  1.104  91.0
16.328  0.443  91.0
12.262  0.359  32.0
16.439  0.702  63.0
15.699  0.324  97.0
14.612  0.332  98.0
16.165  0.950  84.0
13.628  0.372  92.0
16.017  0.617  85.0
15.480  0.535  93.0
16.836  0.460  87.0
10.872  0.709  45.0
14.669  0.355  97.0
13.588  0.465   0.0
13.376  0.495  88.0
15.877  0.445  88.0
16.199  0.589  94.0
16.498  0.813  85.0
16.404  0.472  46.0
15.702  0.515   0.0
15.274  0.251   0.0
13.521  0.374  79.0
16.353  0.800   0.0
16.050  0.741   0.0
13.334  0.444  90.0
15.310  0.432   0.0
13.590  0.363  81.0
13.822  0.186  58.0
16.440  0.434  90.0
16.007  0.624  98.0
13.811  0.206  95.0
14.777  0.249  98.0
16.581  0.526  87.0
16.536  0.557   2.0
15.221  0.626  97.0
16.002  0.346   0.0
15.878  0.580   0.0
15.798  0.254  90.0
13.555  0.400  95.0
15.242  0.466  98.0
16.045  1.241   0.0
14.931  0.274  97.0
16.115  0.520  92.0
14.632  0.404   0.0
13.277  0.480   0.0
15.063  0.483  97.0
15.298  0.367   0.0
15.247  0.379   0.0
16.743  0.558   0.0
15.855  0.501  86.0
14.623  0.368  81.0
13.778  0.349  92.0
15.658  0.702   0.0
13.752  0.329  98.0
13.611  0.333  97.0
15.183  0.244  98.0
15.794  0.201  98.0
15.884  0.764  94.0
16.382  0.168  79.0
14.273  0.270  92.0
16.142  0.304  86.0
15.139  0.206   0.0
13.809  0.246  48.0
14.734  0.324  98.0
15.423  0.852   0.0
15.614  0.335  98.0
13.900  0.303  91.0
15.252  0.312  98.0
14.999  0.441  96.0
15.929  0.588  72.0
14.958  0.238  97.0
15.360  0.427  93.0
15.941  0.225   0.0
13.426  0.448   0.0
14.316  0.210  97.0
16.632  0.435   0.0
15.581  0.566  94.0
13.454  0.369  92.0
16.674  0.827  82.0
14.465  0.399  82.0
13.473  0.504  98.0
15.848  0.505   0.0
13.982  0.284  94.0
13.728  0.266   0.0
14.285  0.322  86.0
15.521  0.472  96.0
14.223  0.337  93.0
14.625  0.447  36.0
14.693  0.252  97.0
10.388  0.590  79.0
13.392  0.186  25.0
16.620  0.525   0.0
16.849  0.648  64.0
15.406  0.277  73.0
16.723  0.699   0.0
 8.611  0.154   0.0
13.752  0.328  95.0
16.157  0.219  25.0
15.902  0.272   0.0
16.124  0.289  95.0
16.346  0.564   0.0
15.849  0.582   0.0
16.509  0.532   0.0
13.958  0.594   0.0
15.473  0.403  98.0
16.964  0.762  51.0
14.475  0.331  86.0
13.539  0.539  79.0
16.728  0.572  38.0
15.559  0.473  93.0
15.287  0.361  97.0
14.271  0.610   0.0
15.915  0.225   0.0
16.233  0.700   0.0
15.888  0.502  95.0
13.970  0.283  93.0
16.554  0.616   0.0
11.583  0.239   0.0
16.061  0.528   0.0
13.604  0.460   0.0
15.427  0.494  98.0
16.863  1.040   1.0
14.524  0.418  98.0
14.288  0.584   0.0
13.440  0.357  95.0
16.531  0.397   0.0
16.480  0.750  30.0
16.041  0.695   0.0
16.698  0.947  12.0
16.595  0.930  64.0
16.193  0.621   0.0
16.702  0.537   0.0
16.593  0.857  44.0
13.046  0.591   0.0
16.184  0.750   0.0
13.944  0.322  87.0
11.925  0.485  82.0
10.921  0.589  81.0
13.644  0.384  96.0
15.214  0.366  48.0
14.549  0.425  84.0
12.316  0.275  84.0
14.351  0.357   0.0
16.007  0.285  97.0
10.802  0.580  11.0
11.645  0.293   2.0
14.021  0.278  97.0
15.532  0.354  84.0
15.292  0.548   0.0
14.611  0.406  97.0
11.376  0.584  85.0
16.342  0.706   0.0
15.064  0.267  93.0
13.446  0.523   0.0
15.572  0.470   7.0
16.534  0.725  90.0
15.284  0.386  26.0
15.682  0.479  31.0
14.591  0.367  84.0
15.593  0.331   0.0
16.417  0.482   0.0
16.383  0.586   0.0
14.072  0.632   0.0
14.549  0.257  84.0
14.716  0.337  78.0
15.812  0.788   0.0
15.913  0.572   0.0
14.134  0.448   0.0
13.562  0.412  98.0
14.735  0.341   0.0
16.323  0.665   0.0
14.293  0.427  93.0
14.500  0.267  86.0
14.990  0.389  94.0
15.043  0.407   0.0
13.454  0.325   1.0
 8.580  0.688  75.0
15.703  0.581  94.0
14.265  0.256  91.0
16.126  0.097   0.0
16.542  0.383  80.0
16.587  0.599  22.0
14.904  0.382  98.0
16.400  0.736  92.0
13.134  0.461  98.0
13.713  0.292   0.0
15.130  0.260  94.0
13.710  0.338  81.0
16.623  0.534   0.0
16.271  0.461  24.0
15.023  0.217   0.0
15.856  0.785   0.0
14.551  0.397  98.0
14.628  0.236  98.0
14.447  0.336  85.0
13.713  0.292  52.0
14.780  0.256  88.0
14.401  0.492  91.0
16.564  0.632  81.0
13.064  0.249  78.0
16.017  0.292  96.0
14.936  0.343  98.0
12.733  0.576  85.0
13.722  0.330  95.0
12.524  0.514  85.0
15.120  0.231  98.0
14.322  0.415  84.0
14.550  0.324  83.0
16.757  1.194   0.0
13.813  0.297   0.0
13.826  0.651   0.0
16.543  0.463   0.0
13.027  0.386   0.0
16.219  0.903  93.0
15.787  0.307  92.0
14.031  0.359  86.0
16.218  0.697   0.0
13.187  0.364   0.0
15.219  0.603  92.0
16.246  0.724   0.0
14.793  0.293  97.0
16.543  0.718   0.0
16.453  0.884  79.0
16.239  0.429  65.0
14.261  0.277  83.0
13.611  0.359  96.0
16.125  0.491  24.0
15.747  0.732  92.0
16.190  0.323   0.0
14.840  0.428   0.0
16.465  0.638  93.0
15.239  0.399  65.0
14.696  0.118   0.0
13.469  0.413   0.0
15.289  0.651   0.0
16.497  0.943  94.0
16.447  0.453  89.0
15.159  0.334  96.0
14.281  0.360  86.0
14.195  0.281  91.0
16.639  0.342   0.0
15.433  0.472  97.0
13.535  0.461   0.0
16.367  0.638   0.0
15.533  0.434   0.0
15.492  0.424  97.0
15.734  0.265  82.0
14.855  0.368  98.0
16.530  0.553  93.0
16.334  0.663  91.0
12.914  0.574   0.0
15.849  0.556  95.0
13.384  0.347  34.0
14.015  0.264   0.0
15.671  0.465   0.0
16.735  0.381   0.0
16.139  0.634  91.0
16.503  1.174   0.0
12.223  0.562  44.0
15.192  0.481  69.0
15.803  0.651   0.0
15.974  0.393  83.0
10.823  0.586  67.0
15.009  0.280   0.0
13.985  0.289  96.0
16.232  0.710   0.0
16.666  0.565  18.0
15.309  0.327  94.0
 9.292  0.695  63.0
16.605  0.711   0.0
16.638  0.781   0.0
14.172  0.322  79.0
16.687  0.870   0.0
16.410  0.516   0.0
16.264  0.392   1.0
14.140  0.338  78.0
15.842  0.587   0.0
15.095  0.672   0.0
15.448  0.342  98.0
14.985  0.287   0.0
14.569  0.292  79.0
16.426  0.561  67.0
15.055  0.359   0.0
15.625  0.549   0.0
14.347  0.259  83.0
16.294  1.382   0.0
15.278  0.420   0.0
11.293  0.587  56.0
16.381  0.807  67.0
11.666  0.398   0.0
16.108  0.773  93.0
16.208  0.217  91.0
15.736  0.438   0.0
14.739  0.200  98.0
15.459  0.320  98.0
16.613  0.555   0.0
15.302  0.617   0.0
15.198  0.675  68.0
16.738  0.733   0.0
16.617  0.791   0.0
15.301  0.734   0.0
15.339  0.646   0.0
14.692  0.355  95.0
15.642  0.405  80.0
14.224  0.330   0.0
16.100  0.107  49.0
16.716  0.681   0.0
15.581  0.496   0.0
13.012  0.530   0.0
15.060  0.643   0.0
11.610  0.273   0.0
14.001  0.436   0.0
15.527  0.673   1.0
11.767  0.156  11.0
15.393  0.221  87.0
16.068  0.691  95.0
16.125  0.754  73.0
15.022  0.354   0.0
16.707  0.770  78.0
15.242  0.374  96.0
14.151  0.313  94.0
15.762  0.247  79.0
14.809  0.360   2.0
14.846  0.590   0.0
10.783  0.573  74.0
14.582  0.265  81.0
16.429  0.564   0.0
15.980  0.709   0.0
11.100  0.327   0.0
15.933  0.425  92.0
16.102  0.567  92.0
15.233  0.758   0.0
16.448  0.896  46.0
15.062  0.270   0.0
14.627  0.282  43.0
13.586  0.634   0.0
16.265  0.537   0.0
15.868  0.606   0.0
13.461  0.402  69.0
16.144  0.737   0.0
15.931  0.668  76.0
15.394  0.667   0.0
16.072  0.386  93.0
15.240  0.303  90.0
16.261  0.687   0.0
14.959  0.403  69.0
14.460  0.352   0.0
16.635  1.165   0.0
14.958  0.263   0.0
15.258  0.552   0.0
16.520  0.779   0.0
14.358  0.281  83.0
13.753  0.327   0.0
15.558  0.506   0.0
15.886  0.218   0.0
13.668  0.380   2.0
13.940  0.496  97.0
16.147  0.585  81.0
15.225  0.645  84.0
14.269  0.362  84.0
14.965  0.570   0.0
16.631  1.116   0.0
16.650  1.000   3.0
16.614 -0.146   0.0
16.726  0.976  18.0
16.451  0.704  18.0
16.800  0.795   0.0
15.963  0.604  73.0
15.209  0.476  96.0
15.715  0.550   0.0
16.565  0.346   0.0
15.353  0.522   0.0
16.152  0.604  90.0
16.686  0.566  63.0
15.474  0.614  85.0
16.549  0.649   0.0
14.245  0.334  87.0
16.567  0.795   4.0
12.003  0.336   0.0
15.010  0.432  98.0
16.714  1.000   0.0
16.613  0.765   0.0
13.962  0.309   0.0
12.517  0.302  11.0
 7.064  0.677   9.0
14.103  0.291  89.0
15.312  0.485  89.0
14.264  0.347  14.0
14.879  0.551  21.0
14.735  0.552  79.0
16.230  0.487   0.0
15.469  0.334  86.0
15.720  0.454  21.0
17.218  1.537  60.0
15.879  0.597  74.0
14.822  0.520   0.0
16.711  0.908   0.0
16.215  0.772  72.0
16.630  0.848  90.0
14.171  0.665   0.0
16.665  0.786   0.0
11.125  0.238  28.0
15.507  0.332  74.0
15.218  0.474  63.0
15.823  0.521   0.0
15.208  0.637   0.0
16.788  0.662  75.0
14.869  0.513   0.0
16.427  0.129  24.0
16.464  0.386   3.0
15.650  0.726   0.0
14.389  0.244  88.0
13.897  0.374   0.0
15.255  0.400   0.0
16.476  0.388  65.0
16.022  0.699   0.0
14.703  0.277   0.0
16.594  0.717   0.0
15.759  0.546  75.0
14.440  0.294  98.0
16.416  0.578  92.0
13.510  0.413  49.0
13.577  0.376  78.0
15.266  0.408  82.0
15.338  0.435  92.0
15.186  0.292   0.0
15.328  0.629  83.0
13.541  0.350  84.0
13.800  0.332  95.0
14.752  0.348  98.0
 9.710  0.539   2.0
15.617  0.546  63.0
15.575  0.303   0.0
14.779  0.556   7.0
15.613  0.652  94.0
15.136  0.516  91.0
16.417  1.708   0.0
15.531  0.500   0.0
16.074  0.407   0.0
16.198  0.514  17.0
14.784  0.442  99.0
14.479  0.225   0.0
16.353  0.937   0.0
14.773  0.193  98.0
16.055  0.620  78.0
15.074  0.689   0.0
13.304  0.234  13.0
14.505  0.388  82.0
13.971  0.289  88.0
14.153  0.485   0.0
14.326  0.350  51.0
14.521  0.327  97.0
16.635  0.801   0.0
15.403  0.481   0.0
15.377  0.215  62.0
15.948  0.677   0.0
16.124  0.799   0.0
15.970  0.374  74.0
16.214  0.289   0.0
16.086  0.318  33.0
15.183  0.539  96.0
14.529  0.399  52.0
13.739  0.349  91.0
14.292  0.384  71.0
16.509  0.482  30.0
16.269  0.688  78.0
16.720  0.743  74.0
14.314  0.607   0.0
16.042  0.438   0.0
15.087  0.507   0.0
16.483  0.782   0.0
15.452  0.344  98.0
16.443  0.553   0.0
14.944  0.270  99.0
15.367  0.460  30.0
14.924  0.446   0.0
16.111  0.779  10.0
16.315  0.376   0.0
16.131  0.487   0.0
15.349  0.570   0.0
15.868  0.621  89.0
16.320  0.803   5.0
14.865  0.414  94.0
15.951  0.520  34.0
14.708  0.699   0.0
14.860  0.473   0.0
14.825  0.550   0.0
13.871  0.709   0.0
14.826  0.644  49.0
16.461  0.979   0.0
16.410  0.044   0.0
16.670  0.586   0.0
14.476  0.276  81.0
15.648  0.315  92.0
14.976  0.262  92.0
16.260  0.379   1.0
15.738  0.262   0.0
16.264  0.116   0.0
14.841  0.364   0.0
15.922  0.293   0.0
15.723  0.527   0.0
14.310  0.323  98.0
14.505  0.418  85.0
14.613  0.218   0.0
14.722  0.345  89.0
16.183  0.693   0.0
16.099  0.412  73.0
 9.619  0.212   0.0
14.606  0.309  96.0
16.854  0.610   0.0
16.179  0.591   0.0
13.404  0.643   0.0
12.449  0.315   4.0
12.016  0.200  14.0
15.531  0.539   7.0
16.072  0.633  52.0
16.225  0.583  55.0
16.454  0.429   9.0
16.573  0.650   0.0
15.167  0.704   0.0
15.762  0.391   0.0
14.995  0.763   0.0
16.497  0.380  50.0
15.961  0.634   0.0
15.749  0.559   0.0
13.914  0.402   0.0
16.074  0.481  49.0
16.645  0.499  86.0
10.594  0.638  72.0
15.125  0.389  97.0
11.194  0.532  46.0
16.175  0.630  78.0
16.778  0.945   0.0
15.650  0.357  91.0
16.279  0.508   0.0
15.705  0.675   0.0
15.209  0.199  96.0
15.861  0.249  85.0
14.909  0.401  90.0
16.045  0.623  13.0
16.223  0.572   0.0
13.386  0.567   0.0
16.080  0.770  85.0
16.114  0.466  35.0
14.477  0.287   0.0
16.638  0.889   0.0
15.917  0.428  83.0
15.708  0.477   0.0
13.745  0.366   0.0
16.079  0.657  93.0
12.129  0.271  25.0
16.621  0.737   0.0
16.237  0.734  75.0
14.486  0.265  81.0
16.713  0.755   0.0
15.541  0.275   0.0
15.132  0.111   0.0
15.930  0.673  94.0
15.803  0.513   0.0
16.226  0.762  16.0
16.690  0.156   0.0
13.605  0.295  94.0
14.647  0.333   0.0
15.275  0.456   0.0
14.560  0.395  81.0
12.712  0.576   0.0
16.487  0.841   0.0
16.247  0.796   0.0
12.332  0.225  17.0
16.504  0.675   0.0
14.284  0.319   0.0
15.753  0.250   0.0
15.987  0.700   0.0
14.951  0.437  83.0
12.271  0.255  69.0
16.337  0.592   0.0
16.607  0.486   0.0
16.727  0.607  56.0
16.398  0.776   0.0
14.762  0.415   0.0
14.312  0.492  32.0
16.424  0.706   0.0
14.776  0.560   0.0
14.128  0.392  98.0
14.879  0.638   0.0
14.218  0.527   0.0
15.441  0.670   0.0
14.480  0.356   0.0
15.100  0.692  52.0
16.148  0.673  80.0
14.117  0.243  91.0
14.875  0.402  98.0
13.173  0.506  94.0
16.712  0.412  51.0
13.515  0.316  96.0
17.087  0.984   0.0
14.629  0.353   0.0
16.454  0.281  23.0
13.038  0.553  95.0
15.503  0.530   0.0
14.575  0.422  79.0
16.390  0.497  67.0
14.852  0.661   0.0
15.059  0.485   0.0
15.645  0.467   5.0
14.485  0.330  82.0
15.759  0.415   0.0
15.227  0.472  22.0
16.473  0.670  11.0
14.183  0.668   0.0
14.960  0.558   0.0
13.998  0.299   0.0
16.485  0.631   0.0
15.893  0.781   0.0
16.456  0.510   0.0
16.291  0.569  58.0
15.287  0.541  89.0
16.589  0.295   0.0
12.957  0.295   0.0
15.558  0.216  66.0
15.107  0.363  94.0
14.341  0.565   0.0
11.578  0.319   0.0
15.733  0.440  83.0
16.483  0.689  21.0
15.218  0.225   0.0
16.458  0.700   2.0
15.517  0.331   0.0
15.818  0.931   0.0
15.316  0.182  94.0
15.019  0.485  95.0
16.436  0.132   4.0
15.860  0.513   0.0
16.020  0.781   0.0
15.651  0.729   0.0
15.437  0.467   9.0
16.075  0.498   0.0
15.822  0.563  86.0
15.406  0.321  92.0
14.619  0.284  95.0
16.452  0.832   1.0
14.849  0.395  91.0
14.082  0.444   0.0
16.638  0.708   0.0
13.169  0.487   0.0
14.950  0.413   7.0
15.201  0.341  92.0
16.339  0.628   2.0
16.042  0.535   0.0
15.872  0.841  88.0
16.709  0.691   0.0
16.125  0.631   0.0
16.595  0.702  37.0
16.826  0.989   2.0
15.932  0.572   0.0
12.672  0.565  87.0
14.865  0.362   0.0
16.744 -0.079  51.0
13.078  0.486  92.0
15.114  0.364  88.0
14.328  0.328  88.0
16.385  0.195   0.0
13.421  0.583   0.0
14.477  0.377   0.0
14.803  0.353  92.0
15.160  0.597   0.0
16.604  0.519   0.0
13.288  0.264  81.0
16.275  0.476  48.0
12.629  0.114  56.0
15.777  0.817   0.0
16.487 -0.484   0.0
14.807  0.312  95.0
15.335  0.384  93.0
16.229  0.178   0.0
15.918  0.584   0.0
14.551  0.301  38.0
15.787  0.639   0.0
15.750  0.585   0.0
15.231  0.495  79.0
15.824  0.584   0.0
16.218  0.437  84.0
16.657  0.997   0.0
16.731 -0.608   0.0
16.601  0.286   0.0
14.383  0.353  81.0
16.079  0.658   0.0
15.964  0.397  26.0
16.740  0.857   0.0
16.509  0.262   0.0
14.555  0.195  98.0
15.311  0.586   0.0
12.748  0.500  50.0
16.456  0.376  27.0
15.126  0.338  65.0
13.859  0.627   0.0
15.570  0.361   0.0
15.465  0.378  96.0
14.329  0.683   0.0
14.042  0.505   0.0
16.276  0.247  10.0
15.178  0.279   0.0
16.775  0.892  26.0
14.923  0.344   0.0
15.150  0.289   0.0
16.115  0.509  77.0
16.234  0.311   0.0
14.807  0.362  81.0
15.171  0.338  96.0
14.276  0.167  35.0
14.513  0.327   0.0
15.851  0.641   0.0
15.355  0.377  87.0
16.140  0.603   0.0
15.252  0.264   0.0
15.566  0.661   0.0
16.303  0.317   0.0
14.184  0.317   0.0
16.301  0.851   0.0
15.205  0.469   0.0
14.564  0.284  79.0
16.295  0.783   0.0
16.594  0.396   0.0
13.352  0.475   8.0
16.667  0.512   0.0
12.273  0.315   0.0
15.989  0.560   0.0
15.717  0.356  49.0
15.246  0.319   0.0
15.699  0.457   0.0
14.829  0.333   0.0
16.098  0.332   0.0
13.242  0.554  38.0
16.350  0.688   0.0
14.905  0.436   0.0
16.616  1.660   0.0
16.055  0.070  61.0
16.632  1.100   3.0
16.744  1.144  19.0
16.370  0.524   0.0
16.349  0.400   0.0
14.213  0.373   0.0
13.694  0.304  95.0
14.050  0.461   0.0
13.566  0.333  88.0
16.215  0.675   0.0
11.304  0.118  75.0
16.613  0.982  43.0
13.608  0.482   0.0
16.522  0.596   0.0
15.756  0.755  67.0
15.819  0.537   0.0
15.020  0.509  72.0
15.176  0.485   0.0
16.515  0.274   0.0
15.991  0.610   4.0
16.730  0.950   0.0
16.692  0.817   0.0
13.972  0.233  48.0
16.046  0.515   0.0
16.667 -0.585   0.0
15.199  0.711   0.0
16.810  0.848  47.0
15.372  0.297   0.0
15.644  0.604   0.0
16.074  0.211   0.0
16.604  0.165   0.0
16.094  0.516  36.0
16.003  0.394   0.0
15.139  0.577   0.0
13.161  0.377  17.0
16.757  0.777   0.0
14.226  0.423   0.0
12.870  0.684   0.0
15.661  0.464  76.0
16.447  0.571  36.0
12.518  0.358   2.0
16.656  0.429   0.0
16.285  0.533   2.0
16.310  0.521   5.0
16.658  0.816  39.0
14.641  0.489   0.0
16.652  0.644   0.0
13.698  0.287   0.0
16.594  0.514  31.0
15.933  0.819   0.0
13.975  0.318  89.0
16.428  0.732  36.0
16.228  0.683   0.0
16.305  0.703  69.0
16.838  0.973   0.0
14.616  0.674   1.0
16.193  0.411  38.0
15.698  0.242   0.0
13.289  0.549   0.0
16.344  0.557   0.0
15.232  0.500   0.0
16.469  0.807   1.0
14.717  0.476   0.0
15.336  0.086  10.0
15.755  0.305   0.0
16.482  0.568   5.0
16.618  0.913   0.0
14.103  0.423   0.0
12.951  0.413   0.0
16.447  0.416   0.0
16.543  0.426  38.0
15.432  0.388  82.0
14.293  0.275  97.0
16.396  0.778  73.0
14.990  0.367   0.0
15.579  0.581  95.0
16.495  0.809   0.0
15.399  0.497  83.0
14.211  0.677   0.0
16.385  0.686  49.0
16.103  0.296   0.0
10.252  0.484  61.0
15.412  0.388   0.0
13.777  0.666   0.0
14.050  0.325  91.0
13.595  0.420   0.0
16.195  0.185   0.0
16.496  0.656   0.0
15.708  0.438  74.0
16.679  0.440   1.0
16.002  0.656  77.0
15.077  0.740   0.0
16.771  0.867  34.0
13.684  0.340  62.0
15.574  0.538   0.0
15.646  0.293  86.0
15.711  0.528   0.0
14.401  0.272  92.0
13.801  0.424   0.0
14.525  0.314   0.0
15.235  0.439  93.0
15.665  0.738   0.0
15.067  0.523   0.0
15.731  0.763   0.0
15.741  0.449   0.0
14.155  0.585   0.0
11.833  0.248  25.0
15.231  0.329  85.0
15.512  0.425   0.0
14.221  0.501   0.0
12.414  0.258  15.0
14.445  0.429   0.0
15.896  0.485   0.0
15.977  0.758   1.0
15.859  0.710   0.0
16.637 -0.804   1.0
12.966  0.376   0.0
15.516  0.463   0.0
14.495  0.368  21.0
14.557  0.362  92.0
15.879  0.405   0.0
15.742  0.373  81.0
17.081  1.152  32.0
16.362  0.446  69.0
11.609  0.651  25.0
15.756  0.675   0.0
16.678  0.377   0.0
14.895  0.392   0.0
16.009  0.561  81.0
15.971  0.624  82.0
13.948  0.325   0.0
14.377  0.605   0.0
13.586  0.244   0.0
16.453  0.677  29.0
16.236  0.442   0.0
13.882  0.273  11.0
14.712  0.672   0.0
12.559  0.550   0.0
16.507  0.508  44.0
14.783  0.202  94.0
16.021  0.554   0.0
16.784  1.106   0.0
13.929  0.577   0.0
14.180  0.221  97.0
14.055  0.351   0.0
 9.782  0.634   2.0
15.408  0.217   4.0
16.727  0.771   0.0
14.575  0.370  82.0
16.309  0.347   0.0
15.835  0.249  72.0
14.395  0.448   0.0
14.703  0.326  91.0
15.699  0.654   0.0
14.093  0.640   0.0
15.845  0.720   0.0
14.783  0.260   0.0
15.438  0.238   0.0
14.457  0.326  30.0
15.127  0.540   0.0
14.893  0.429   0.0
15.539  0.525   0.0
12.819  0.524   0.0
16.964  0.803  15.0
13.549  0.349  91.0
16.514  0.741   0.0
14.350  0.689   0.0
15.813  0.152   0.0
16.157  0.404   0.0
16.519  0.581   0.0
14.897  0.116   0.0
16.628  0.821   1.0
13.338  0.353  34.0
14.601  0.454   0.0
15.666  0.395  91.0
15.646  0.657   0.0
15.764  0.360   0.0
12.759  0.354   2.0
15.932  0.403   0.0
15.985  0.277  46.0
14.374  0.333  91.0
14.394  0.331   0.0
15.525  0.621   0.0
16.101  0.710   0.0
16.557  0.732  14.0
13.967  0.261  91.0
15.736  0.535   0.0
16.172  0.594  37.0
16.485  1.006  60.0
 9.932  0.592  13.0
16.537  0.491   0.0
16.657  0.848   0.0
16.565  0.909  37.0
16.556  0.665   0.0
15.608  0.665   0.0
13.848  0.499   0.0
15.977  0.411  38.0
15.487  0.097   0.0
16.890  0.877   0.0
16.549  0.940   0.0
13.077  0.623   0.0
13.519  0.366  83.0
15.755  0.572   0.0
14.811  0.735   0.0
16.466  0.637   0.0
15.299  0.404   0.0
14.606  0.631   0.0
15.282  0.736   0.0
15.614  0.640  64.0
15.621  0.528   0.0
15.262  0.728   0.0
16.566  0.683   0.0
15.759  0.343  36.0
14.976  0.652   0.0
12.297  0.281   2.0
 6.281  0.517   0.0
13.939  0.264  93.0
12.999  0.571   0.0
16.098  0.248   0.0
16.719  0.552   0.0
15.928  0.804   0.0
15.817  0.459  34.0
12.794  0.283  39.0
15.922  0.236  81.0
13.870  0.622   0.0
16.745  0.866   0.0
15.466  0.309   0.0
14.391  0.367   0.0
16.627  0.776   4.0
16.090  0.633   0.0
16.350  0.443  72.0
14.174  0.467   0.0
15.146  0.654   0.0
12.990  0.480  48.0
15.662  0.174   0.0
16.197  0.403  77.0
16.143  0.485   0.0
15.864  0.501  84.0
15.734  0.402   0.0
 9.745  0.708  11.0
16.761  0.626  48.0
15.408  0.331  75.0
12.998  0.219  25.0
14.160  0.394   0.0
16.395  0.446   0.0
16.523  0.846  48.0
15.767  0.603   3.0
16.799  0.601   0.0
15.165  0.635   0.0
16.131  0.602   6.0
14.511  0.607   0.0
16.653  0.864   0.0
15.294  0.479   0.0
16.406  0.219   0.0
14.770  0.495   0.0
13.729  0.426   0.0
15.374  0.631   0.0
16.678  0.654   0.0
